1. 15.09.2012 4,5,37,39,43,49
2. 18.09.2012 24,36,40,41,43,47
3. 20.09.2012 9,15,17,20,23,40
4. 22.09.2012 11,13,22,28,32,37
5. 25.09.2012 4,9,14,24,44,47
6. 27.09.2012 7,18,24,27,31,40
7. 29.09.2012 5,11,27,38,39,45
8. 02.10.2012 1,12,23,28,35,38
9. 04.10.2012 1,10,13,16,24,26
10. 06.10.2012 4,8,11,15,31,38
11. 09.10.2012 2,3,5,16,17,34
12. 11.10.2012 20,23,29,30,37,47
13. 13.10.2012 3,8,13,14,32,36
14. 16.10.2012 16,18,27,31,34,40
15. 18.10.2012 2,8,17,34,35,44
16. 20.10.2012 1,3,6,11,20,38
17. 23.10.2012 7,17,29,30,41,45
18. 25.10.2012 4,18,36,40,44,49
19. 27.10.2012 23,27,28,29,30,36
20. 30.10.2012 1,14,15,19,40,41
21. 01.11.2012 10,23,34,35,36,43
22. 03.11.2012 6,21,23,27,39,44
23. 06.11.2012 7,16,20,27,28,30
24. 08.11.2012 18,24,32,41,44,45
25. 10.11.2012 9,16,20,30,34,41
26. 13.11.2012 1,11,21,33,45,49
27. 15.11.2012 8,10,12,22,28,35
28. 17.11.2012 2,6,12,25,29,43
29. 20.11.2012 2,3,22,35,37,45
30. 22.11.2012 9,12,22,27,46,48
31. 24.11.2012 1,12,15,30,41,44
32. 27.11.2012 8,10,12,33,42,47
33. 29.11.2012 12,19,20,28,40,43
34. 01.12.2012 2,10,27,33,42,47
35. 04.12.2012 25,36,39,40,41,48
36. 06.12.2012 7,12,19,29,30,37
37. 08.12.2012 9,24,35,40,46,49
38. 11.12.2012 3,12,25,26,27,38
39. 13.12.2012 7,22,23,28,32,33
40. 15.12.2012 9,18,32,37,40,48
41. 18.12.2012 3,6,14,29,40,43
42. 20.12.2012 20,21,27,31,43,49
43. 22.12.2012 7,11,20,29,42,47
44. 25.12.2012 10,11,21,23,38,44
45. 27.12.2012 1,18,19,40,43,44
46. 29.12.2012 24,26,31,42,43,45
47. 01.01.2013 4,15,27,33,34,47
48. 03.01.2013 7,9,10,19,37,38
49. 05.01.2013 1,2,19,30,38,43
50. 08.01.2013 18,22,31,34,36,44
51. 10.01.2013 15,17,24,35,40,43
52. 12.01.2013 1,10,12,16,17,20
53. 15.01.2013 2,7,11,36,38,49
54. 17.01.2013 7,29,30,33,35,47
55. 19.01.2013 15,17,22,25,29,41
56. 22.01.2013 1,28,33,42,44,46
57. 24.01.2013 4,8,29,35,39,49
58. 26.01.2013 7,19,21,23,29,43
59. 29.01.2013 10,11,20,21,23,34
60. 31.01.2013 10,17,25,26,40,45
61. 02.02.2013 13,17,23,29,40,49
62. 05.02.2013 4,8,24,30,38,40
63. 07.02.2013 1,6,9,14,23,35
64. 09.02.2013 2,8,25,39,43,48
65. 12.02.2013 4,14,28,34,38,40
66. 14.02.2013 3,5,12,22,24,30
67. 16.02.2013 15,17,21,27,32,35
68. 19.02.2013 18,19,20,25,32,41
69. 21.02.2013 3,4,14,39,42,47
70. 23.02.2013 8,16,19,20,41,43
71. 26.02.2013 14,16,23,40,43,45
72. 28.02.2013 2,11,21,29,36,49
73. 02.03.2013 10,14,17,18,30,31
74. 05.03.2013 1,6,15,34,45,48
75. 07.03.2013 12,29,30,33,34,41
76. 09.03.2013 2,3,23,33,36,48
77. 12.03.2013 3,36,37,43,46,47
78. 14.03.2013 8,10,15,19,35,41
79. 16.03.2013 4,8,12,24,25,29
80. 19.03.2013 1,16,29,33,38,48
81. 21.03.2013 4,20,25,28,32,41
82. 23.03.2013 7,11,21,26,28,36
83. 26.03.2013 3,15,21,39,40,48
84. 28.03.2013 6,9,12,21,22,47
85. 30.03.2013 9,16,20,23,24,47
86. 02.04.2013 22,24,26,27,46,48
87. 04.04.2013 7,18,22,34,38,47
88. 06.04.2013 10,12,29,35,41,46
89. 09.04.2013 10,15,33,35,45,47
90. 11.04.2013 21,22,23,24,36,38
91. 13.04.2013 6,11,21,35,40,41
92. 16.04.2013 6,9,17,29,37,41
93. 18.04.2013 6,11,21,34,38,41
94. 20.04.2013 5,6,9,29,34,36
95. 23.04.2013 2,9,18,21,27,44
96. 25.04.2013 15,17,19,22,28,46
97. 27.04.2013 2,5,6,16,28,35
98. 30.04.2013 25,26,30,31,37,43
99. 02.05.2013 6,27,34,35,45,48
100. 04.05.2013 6,7,11,29,31,33
101. 07.05.2013 7,8,20,27,39,40
102. 09.05.2013 2,16,20,29,36,44
103. 11.05.2013 1,23,32,33,46,48
104. 14.05.2013 2,8,11,12,21,23
105. 16.05.2013 4,13,16,35,41,44
106. 18.05.2013 1,4,16,22,35,36
107. 21.05.2013 1,2,9,14,37,38
108. 23.05.2013 1,8,13,21,32,41
109. 25.05.2013 1,9,17,36,39,49
110. 28.05.2013 6,14,23,41,45,47
111. 30.05.2013 1,7,12,20,41,47
112. 01.06.2013 11,12,22,31,32,40
113. 04.06.2013 1,4,12,20,22,34
114. 06.06.2013 2,9,21,31,34,37
115. 08.06.2013 3,16,19,22,34,40
116. 11.06.2013 3,4,14,18,22,34
117. 13.06.2013 2,16,24,42,47,49
118. 15.06.2013 3,6,17,19,33,36
119. 18.06.2013 8,17,33,35,36,45
120. 20.06.2013 2,4,5,24,38,41
121. 22.06.2013 2,24,25,26,27,42
122. 25.06.2013 1,9,23,31,33,42
123. 27.06.2013 6,8,20,22,23,44
124. 29.06.2013 5,9,12,18,42,43
125. 02.07.2013 1,6,23,24,41,46
126. 04.07.2013 12,32,36,38,39,40
127. 06.07.2013 2,10,25,33,39,47
128. 09.07.2013 9,12,16,28,37,42
129. 11.07.2013 3,10,18,30,36,44
130. 13.07.2013 15,27,30,35,43,48
131. 16.07.2013 6,10,12,14,17,34
132. 18.07.2013 11,14,29,31,43,44
133. 20.07.2013 1,7,8,22,45,47
134. 23.07.2013 3,6,14,21,22,26
135. 25.07.2013 11,16,18,35,37,45
136. 27.07.2013 13,23,26,27,41,49
137. 30.07.2013 3,9,11,21,33,43
138. 01.08.2013 15,20,23,32,36,47
139. 03.08.2013 3,18,20,31,33,48
140. 06.08.2013 19,27,37,38,47,49
141. 08.08.2013 3,11,29,34,35,46
142. 10.08.2013 21,30,32,34,40,44
143. 13.08.2013 20,30,40,42,44,47
144. 15.08.2013 5,20,23,25,29,33
145. 17.08.2013 2,17,19,25,40,42
146. 20.08.2013 3,4,9,11,14,15
147. 22.08.2013 4,9,17,25,44,49
148. 24.08.2013 21,29,32,33,39,47
149. 27.08.2013 3,12,20,24,32,34
150. 29.08.2013 9,15,18,22,36,38
151. 31.08.2013 16,32,34,35,41,42
152. 03.09.2013 10,15,20,25,41,48
153. 05.09.2013 4,6,23,28,33,44
154. 07.09.2013 3,16,32,38,40,44
155. 10.09.2013 2,23,27,28,32,37
156. 12.09.2013 7,11,23,28,39,45
157. 14.09.2013 4,12,27,32,45,48
158. 17.09.2013 1,16,24,38,39,41
159. 19.09.2013 16,17,28,32,36,48
160. 21.09.2013 3,6,27,29,38,39
161. 24.09.2013 12,25,30,31,40,45
162. 26.09.2013 9,15,17,22,39,45
163. 28.09.2013 15,17,30,31,32,37
164. 01.10.2013 8,15,16,24,26,48
165. 03.10.2013 4,11,17,18,21,22
166. 05.10.2013 2,8,17,19,26,32
167. 08.10.2013 16,22,25,32,34,39
168. 10.10.2013 4,9,23,45,48,49
169. 12.10.2013 13,19,26,27,32,33
170. 15.10.2013 1,12,13,24,45,46
171. 17.10.2013 4,12,22,27,36,47
172. 19.10.2013 5,10,13,31,39,41
173. 22.10.2013 7,34,35,37,40,48
174. 24.10.2013 8,12,27,29,38,44
175. 26.10.2013 3,15,27,29,35,41
176. 29.10.2013 3,14,21,25,30,49
177. 31.10.2013 1,19,25,34,38,47
178. 02.11.2013 10,15,20,32,43,48
179. 05.11.2013 17,19,23,25,28,37
180. 07.11.2013 16,20,27,35,37,48
181. 09.11.2013 4,6,29,30,34,35
182. 12.11.2013 6,13,14,16,17,33
183. 14.11.2013 4,5,19,28,39,41
184. 16.11.2013 6,12,13,18,20,47
185. 19.11.2013 14,18,34,36,41,45
186. 21.11.2013 11,16,38,39,41,46
187. 23.11.2013 10,18,20,28,33,39
188. 26.11.2013 1,15,37,38,41,42
189. 28.11.2013 5,19,29,32,36,37
190. 30.11.2013 11,19,20,25,35,36
191. 03.12.2013 4,15,27,34,43,44
192. 05.12.2013 8,11,20,27,40,47
193. 07.12.2013 5,18,24,36,43,47
194. 10.12.2013 12,16,35,44,45,48
195. 12.12.2013 10,19,21,28,31,41
196. 14.12.2013 10,26,29,30,39,46
197. 17.12.2013 3,5,10,11,40,41
198. 19.12.2013 2,9,10,11,19,35
199. 21.12.2013 2,20,22,36,38,39
200. 24.12.2013 4,12,19,39,43,46
201. 26.12.2013 1,8,9,27,42,46
202. 28.12.2013 8,9,22,37,42,45
203. 31.12.2013 8,25,34,37,41,43
204. 02.01.2014 1,14,16,25,29,41
205. 04.01.2014 8,20,23,32,38,41
206. 07.01.2014 11,24,30,41,43,45
207. 09.01.2014 4,11,30,41,45,48
208. 11.01.2014 5,20,21,31,33,47
209. 14.01.2014 2,13,19,22,31,38
210. 16.01.2014 11,16,25,26,27,49
211. 18.01.2014 15,16,24,33,39,41
212. 21.01.2014 2,11,14,16,19,29
213. 23.01.2014 18,22,24,33,37,48
214. 25.01.2014 4,14,25,32,45,47
215. 28.01.2014 4,17,37,38,40,44
216. 30.01.2014 21,31,34,45,46,49
217. 01.02.2014 1,7,14,19,42,44
218. 04.02.2014 2,3,4,10,14,29
219. 06.02.2014 12,17,27,35,41,45
220. 08.02.2014 6,15,26,37,42,47
221. 11.02.2014 16,20,34,39,41,48
222. 13.02.2014 10,13,16,33,44,49
223. 15.02.2014 10,11,13,23,28,48
224. 18.02.2014 1,13,20,26,37,45
225. 20.02.2014 2,11,20,22,29,48
226. 22.02.2014 23,30,37,38,40,42
227. 25.02.2014 3,8,10,17,18,26
228. 27.02.2014 16,17,21,34,45,47
229. 01.03.2014 12,18,23,30,31,34
230. 04.03.2014 1,2,13,17,26,40
231. 06.03.2014 4,20,26,34,35,37
232. 08.03.2014 4,10,36,38,46,47
233. 11.03.2014 1,6,8,13,34,39
234. 13.03.2014 9,12,24,37,44,48
235. 15.03.2014 4,15,22,25,39,40
236. 18.03.2014 6,10,17,29,33,49
237. 20.03.2014 22,34,38,39,42,49
238. 22.03.2014 3,29,32,34,48,49
239. 25.03.2014 23,32,36,38,39,40
240. 27.03.2014 18,29,32,33,40,41
241. 29.03.2014 3,6,12,15,29,33
242. 01.04.2014 1,16,37,38,41,44
243. 03.04.2014 4,9,11,18,35,40
244. 05.04.2014 8,33,39,40,41,44
245. 08.04.2014 4,8,22,36,46,47
246. 10.04.2014 4,22,36,40,42,49
247. 12.04.2014 2,3,14,28,36,41
248. 15.04.2014 1,22,27,33,34,38
249. 17.04.2014 9,19,27,30,38,44
250. 19.04.2014 2,8,10,24,34,47
251. 22.04.2014 3,8,19,30,34,37
252. 24.04.2014 26,30,32,41,44,46
253. 26.04.2014 6,8,14,37,40,44
254. 29.04.2014 15,19,20,25,33,39
255. 01.05.2014 10,12,16,23,38,40
256. 03.05.2014 16,21,23,30,31,32
257. 06.05.2014 6,13,16,19,33,35
258. 08.05.2014 2,3,12,21,24,26
259. 10.05.2014 8,20,25,30,35,46
260. 13.05.2014 4,20,26,37,43,45
261. 15.05.2014 3,15,23,43,44,47
262. 17.05.2014 13,15,21,30,33,36
263. 20.05.2014 24,26,42,44,47,48
264. 22.05.2014 8,12,29,33,43,47
265. 24.05.2014 2,13,28,37,43,48
266. 27.05.2014 22,23,27,33,39,47
267. 29.05.2014 2,16,21,32,39,43
268. 31.05.2014 6,11,13,29,40,44
269. 03.06.2014 6,8,19,38,46,48
270. 05.06.2014 9,18,24,39,43,48
271. 07.06.2014 1,4,24,35,44,49
272. 10.06.2014 2,32,35,37,43,48
273. 12.06.2014 2,4,17,28,40,48
274. 14.06.2014 5,6,10,15,27,44
275. 17.06.2014 3,10,13,31,33,42
276. 19.06.2014 11,13,22,29,35,47
277. 21.06.2014 14,25,33,36,42,48
278. 24.06.2014 14,21,23,26,27,42
279. 26.06.2014 6,12,19,21,35,37
280. 28.06.2014 5,16,17,40,42,47
281. 01.07.2014 4,18,27,28,39,45
282. 03.07.2014 22,23,30,31,37,46
283. 05.07.2014 8,9,29,30,40,42
284. 08.07.2014 2,16,21,40,46,49
285. 10.07.2014 1,7,13,24,26,31
286. 12.07.2014 5,18,26,38,42,44
287. 15.07.2014 15,19,28,34,44,48
288. 17.07.2014 14,17,21,25,33,44
289. 19.07.2014 18,31,33,36,48,49
290. 22.07.2014 4,25,29,30,46,47
291. 24.07.2014 9,11,12,40,43,45
292. 26.07.2014 8,19,22,30,39,44
293. 29.07.2014 2,16,24,32,34,38
294. 31.07.2014 5,11,24,30,40,42
295. 02.08.2014 6,18,20,25,43,45
296. 05.08.2014 3,8,16,17,24,42
297. 07.08.2014 14,21,30,41,43,48
298. 09.08.2014 4,16,21,30,34,39
299. 12.08.2014 1,9,25,27,33,34
300. 14.08.2014 3,5,6,10,27,46
301. 16.08.2014 8,12,13,16,41,49
302. 19.08.2014 6,14,26,44,45,47
303. 21.08.2014 6,15,28,32,33,42
304. 23.08.2014 6,7,14,19,37,39
305. 26.08.2014 1,6,13,14,20,47
306. 28.08.2014 4,13,29,30,32,46
307. 30.08.2014 8,9,17,27,29,45
308. 02.09.2014 11,12,14,29,34,49
309. 04.09.2014 4,7,9,23,28,32
310. 06.09.2014 8,17,22,34,38,47
311. 09.09.2014 1,8,23,38,40,46
312. 11.09.2014 1,8,20,30,33,40
313. 13.09.2014 12,19,29,32,43,47
314. 16.09.2014 5,17,21,25,29,46
315. 18.09.2014 1,6,11,16,44,49
316. 20.09.2014 2,11,15,41,45,47
317. 23.09.2014 4,22,23,27,39,43
318. 25.09.2014 8,10,12,27,30,48
319. 27.09.2014 6,8,12,24,26,46
320. 30.09.2014 8,25,39,42,47,49
321. 02.10.2014 1,8,9,25,31,47
322. 04.10.2014 2,5,8,19,21,25
323. 07.10.2014 3,9,12,22,32,49
324. 09.10.2014 8,21,23,25,26,39
325. 11.10.2014 4,5,21,22,28,46
326. 14.10.2014 4,5,8,14,16,34
327. 16.10.2014 3,8,18,21,29,49
328. 18.10.2014 10,23,36,38,40,46
329. 21.10.2014 10,11,22,29,36,42
330. 23.10.2014 8,14,28,29,32,38
331. 25.10.2014 7,8,12,19,22,36
332. 28.10.2014 5,10,20,27,39,46
333. 30.10.2014 10,15,16,22,40,46
334. 01.11.2014 9,17,22,24,39,48
335. 04.11.2014 16,18,22,30,33,43
336. 06.11.2014 7,17,18,26,35,39
337. 08.11.2014 8,13,23,37,39,46
338. 11.11.2014 7,17,19,23,39,44
339. 13.11.2014 5,10,11,17,19,21
340. 15.11.2014 5,7,13,26,34,48
341. 18.11.2014 17,18,30,35,47,48
342. 20.11.2014 8,13,17,19,27,44
343. 22.11.2014 2,16,24,27,30,48
344. 25.11.2014 9,12,20,40,45,48
345. 27.11.2014 13,21,26,36,42,43
346. 29.11.2014 2,8,23,31,32,34
347. 02.12.2014 1,3,15,17,18,34
348. 04.12.2014 1,3,13,29,31,49
349. 06.12.2014 12,19,25,29,36,38
350. 09.12.2014 2,7,19,31,38,39
351. 11.12.2014 14,24,28,29,31,38
352. 13.12.2014 4,25,27,29,32,43
353. 16.12.2014 13,27,32,36,46,47
354. 18.12.2014 8,19,32,43,46,48
355. 20.12.2014 16,32,33,36,39,47
356. 23.12.2014 5,20,25,28,39,40
357. 25.12.2014 1,6,22,25,42,46
358. 27.12.2014 4,8,28,30,48,49
359. 30.12.2014 7,9,29,32,36,41
360. 01.01.2015 10,16,36,37,40,42
361. 03.01.2015 2,8,17,29,37,45
362. 06.01.2015 3,17,18,31,36,40
363. 08.01.2015 6,8,12,23,26,33
364. 10.01.2015 13,15,26,28,40,42
365. 13.01.2015 8,12,19,21,33,35
366. 15.01.2015 2,8,11,21,22,24
367. 17.01.2015 8,11,20,23,35,42
368. 20.01.2015 2,5,14,15,30,44
369. 22.01.2015 16,18,24,34,43,44
370. 24.01.2015 9,11,16,22,36,48
371. 27.01.2015 1,2,17,21,26,34
372. 29.01.2015 6,15,23,25,32,43
373. 31.01.2015 5,6,25,26,39,48
374. 03.02.2015 1,18,21,28,37,40
375. 05.02.2015 3,4,5,9,43,49
376. 07.02.2015 11,14,30,36,39,46
377. 10.02.2015 6,7,9,22,25,30
378. 12.02.2015 9,14,17,24,25,30
379. 14.02.2015 3,14,22,33,39,43
380. 17.02.2015 4,12,14,17,39,46
381. 19.02.2015 8,11,22,34,42,46
382. 21.02.2015 9,26,28,31,34,39
383. 24.02.2015 13,14,18,37,41,44
384. 26.02.2015 12,15,18,34,40,42
385. 28.02.2015 1,11,16,28,31,32
386. 03.03.2015 11,27,32,33,40,42
387. 05.03.2015 1,7,8,21,42,47
388. 07.03.2015 2,12,32,34,46,47
389. 10.03.2015 5,10,20,28,35,47
390. 12.03.2015 5,11,12,15,20,23
391. 14.03.2015 7,16,20,29,31,40
392. 17.03.2015 1,5,13,15,38,43
393. 19.03.2015 14,18,26,29,48,49
394. 21.03.2015 2,10,12,29,39,45
395. 24.03.2015 15,19,24,26,29,48
396. 26.03.2015 3,7,16,21,31,33
397. 28.03.2015 6,23,29,37,38,45
398. 31.03.2015 19,31,35,40,43,44
399. 02.04.2015 3,10,19,20,36,44
400. 04.04.2015 7,13,17,20,34,47
401. 07.04.2015 6,16,31,38,39,43
402. 09.04.2015 4,8,10,16,39,48
403. 11.04.2015 2,9,32,41,44,47
404. 14.04.2015 7,8,16,26,27,33
405. 16.04.2015 3,20,28,36,40,41
406. 18.04.2015 1,5,13,17,29,44
407. 21.04.2015 5,13,17,27,28,42
408. 23.04.2015 3,4,6,17,21,29
409. 25.04.2015 4,6,10,24,45,46
410. 28.04.2015 6,16,17,29,33,39
411. 30.04.2015 1,10,19,25,26,41
412. 02.05.2015 8,10,12,21,25,36
413. 05.05.2015 3,9,17,43,46,47
414. 07.05.2015 2,9,17,40,41,43
415. 09.05.2015 12,18,21,35,37,39
416. 12.05.2015 3,4,5,39,41,48
417. 14.05.2015 4,16,18,35,39,44
418. 16.05.2015 1,18,23,27,38,49
419. 19.05.2015 6,16,19,23,31,49
420. 21.05.2015 3,11,18,20,35,38
421. 23.05.2015 4,6,16,17,19,30
422. 26.05.2015 4,13,17,18,38,40
423. 28.05.2015 6,8,9,20,22,48
424. 30.05.2015 10,15,16,21,24,41
425. 02.06.2015 6,13,18,24,38,44
426. 04.06.2015 1,2,16,26,27,38
427. 06.06.2015 3,6,14,32,46,47
428. 09.06.2015 2,11,13,27,36,38
429. 11.06.2015 11,20,26,30,32,35
430. 13.06.2015 4,6,16,24,46,49
431. 16.06.2015 18,24,29,32,34,44
432. 18.06.2015 14,21,25,28,29,38
433. 20.06.2015 9,13,15,23,30,39
434. 23.06.2015 1,9,20,27,34,37
435. 25.06.2015 8,14,24,25,37,46
436. 27.06.2015 5,18,19,28,38,46
437. 30.06.2015 5,21,25,28,36,37
438. 02.07.2015 1,10,28,44,45,48
439. 04.07.2015 8,14,15,18,35,46
440. 07.07.2015 5,7,10,18,43,44
441. 09.07.2015 16,21,26,35,48,49
442. 11.07.2015 10,17,34,37,40,42
443. 14.07.2015 7,19,31,34,40,48
444. 16.07.2015 10,18,23,35,42,43
445. 18.07.2015 3,8,13,21,27,49
446. 21.07.2015 2,4,8,9,15,35
447. 23.07.2015 1,4,15,17,31,41
448. 25.07.2015 28,31,42,43,47,49
449. 28.07.2015 2,12,20,35,40,44
450. 30.07.2015 11,30,31,33,36,45
451. 01.08.2015 1,4,12,18,29,47
452. 04.08.2015 10,16,30,34,39,43
453. 06.08.2015 3,35,41,44,45,49
454. 08.08.2015 2,18,38,41,46,49
455. 11.08.2015 6,9,28,31,32,49
456. 13.08.2015 10,15,22,26,32,42
457. 15.08.2015 10,11,15,28,39,42
458. 18.08.2015 1,4,9,19,48,49
459. 20.08.2015 5,8,20,25,28,41
460. 22.08.2015 2,15,19,33,35,41
461. 25.08.2015 1,9,33,34,46,47
462. 27.08.2015 8,30,32,33,39,44
463. 29.08.2015 8,22,29,41,43,49
464. 01.09.2015 9,10,18,28,40,49
465. 03.09.2015 1,2,22,34,36,37
466. 05.09.2015 6,23,24,30,32,49
467. 08.09.2015 5,8,32,37,39,49
468. 10.09.2015 7,11,14,22,40,44
469. 12.09.2015 16,25,27,32,45,47
470. 15.09.2015 1,20,33,36,42,49
471. 17.09.2015 2,5,8,18,23,42
472. 19.09.2015 1,18,19,26,36,44
473. 22.09.2015 20,23,26,28,39,40
474. 24.09.2015 9,11,12,14,18,30
475. 26.09.2015 9,26,28,30,40,47
476. 29.09.2015 6,11,15,20,22,29
477. 01.10.2015 4,21,24,27,44,49
478. 03.10.2015 2,10,11,24,38,39
479. 06.10.2015 3,18,29,37,40,43
480. 08.10.2015 7,13,34,40,42,45
481. 10.10.2015 8,13,23,32,33,47
482. 13.10.2015 6,9,18,47,48,49
483. 15.10.2015 5,8,11,12,38,44
484. 17.10.2015 8,10,15,17,37,42
485. 20.10.2015 3,7,16,19,45,49
486. 22.10.2015 2,11,13,17,29,33
487. 24.10.2015 8,27,33,36,39,49
488. 27.10.2015 6,21,26,32,35,45
489. 29.10.2015 5,11,14,30,37,45
490. 31.10.2015 9,13,15,26,48,49
491. 03.11.2015 12,35,36,37,41,48
492. 05.11.2015 3,5,8,15,17,35
493. 07.11.2015 2,10,14,15,38,45
494. 10.11.2015 6,14,19,31,34,48
495. 12.11.2015 8,11,15,20,22,32
496. 14.11.2015 4,6,12,26,35,43
497. 17.11.2015 13,17,24,30,33,34
498. 19.11.2015 5,9,10,41,43,44
499. 21.11.2015 3,7,26,36,39,47
500. 24.11.2015 5,6,16,21,31,36
501. 26.11.2015 5,16,18,32,41,47
502. 28.11.2015 2,23,29,38,39,46
503. 01.12.2015 23,25,30,31,40,44
504. 03.12.2015 1,11,14,21,23,32
505. 05.12.2015 2,11,12,26,32,40
506. 08.12.2015 17,27,28,40,41,46
507. 10.12.2015 6,21,22,29,40,46
508. 12.12.2015 4,6,12,14,18,24
509. 15.12.2015 10,11,16,22,42,44
510. 17.12.2015 1,7,10,13,29,33
511. 19.12.2015 10,11,32,35,44,45
512. 22.12.2015 3,14,17,26,31,44
513. 24.12.2015 17,19,22,25,29,49
514. 26.12.2015 8,22,24,28,30,33
515. 29.12.2015 16,22,25,26,37,44
516. 31.12.2015 1,6,20,33,41,48
517. 02.01.2016 16,23,29,36,37,45
518. 05.01.2016 4,14,20,26,27,35
519. 07.01.2016 5,9,11,16,45,49
520. 09.01.2016 1,4,16,23,25,30
521. 12.01.2016 7,18,27,29,47,49
522. 14.01.2016 12,13,15,24,25,33
523. 16.01.2016 20,21,29,40,46,48
524. 19.01.2016 3,17,28,31,32,34
525. 21.01.2016 17,25,34,37,41,46
526. 23.01.2016 13,14,20,31,42,45
527. 26.01.2016 11,20,23,28,29,34
528. 28.01.2016 16,17,18,21,25,26
529. 30.01.2016 8,15,28,43,45,46
530. 02.02.2016 4,14,17,25,29,44
531. 04.02.2016 7,13,20,34,40,41
532. 06.02.2016 3,15,22,27,32,46
533. 09.02.2016 7,21,23,30,35,48
534. 11.02.2016 12,17,18,31,32,38
535. 13.02.2016 18,20,24,29,33,42
536. 16.02.2016 18,21,23,30,32,41
537. 18.02.2016 1,8,15,18,23,26
538. 20.02.2016 17,24,29,35,37,47
539. 23.02.2016 14,24,30,34,35,44
540. 25.02.2016 11,17,24,32,43,45
541. 27.02.2016 13,17,22,26,42,46
542. 01.03.2016 5,9,10,28,44,46
543. 03.03.2016 24,28,30,31,43,49
544. 05.03.2016 16,26,27,28,35,43
545. 08.03.2016 5,13,14,18,20,41
546. 10.03.2016 6,14,16,28,30,47
547. 12.03.2016 2,12,23,32,39,42
548. 15.03.2016 6,22,29,47,48,49
549. 17.03.2016 7,22,26,31,35,44
550. 19.03.2016 7,15,21,34,39,48
551. 22.03.2016 5,10,21,27,41,44
552. 24.03.2016 5,22,26,35,38,43
553. 26.03.2016 5,14,22,26,45,47
554. 29.03.2016 8,10,11,12,21,30
555. 31.03.2016 1,8,10,14,25,34
556. 02.04.2016 11,16,19,20,30,37
557. 05.04.2016 21,32,38,43,48,49
558. 07.04.2016 5,11,20,24,34,41
559. 09.04.2016 2,21,26,37,38,47
560. 12.04.2016 12,14,26,30,34,45
561. 14.04.2016 12,21,28,33,37,44
562. 16.04.2016 1,13,21,32,43,44
563. 19.04.2016 2,10,25,26,33,41
564. 21.04.2016 1,2,8,26,31,38
565. 23.04.2016 8,9,14,18,22,39
566. 26.04.2016 10,25,27,32,37,39
567. 28.04.2016 13,20,23,27,38,41
568. 30.04.2016 3,10,12,23,24,43
569. 03.05.2016 18,29,41,46,47,49
570. 05.05.2016 12,15,24,27,31,43
571. 07.05.2016 11,12,15,28,37,49
572. 10.05.2016 8,9,25,29,36,44
573. 12.05.2016 1,19,22,39,44,47
574. 14.05.2016 26,37,38,41,45,47
575. 17.05.2016 8,11,28,35,37,46
576. 19.05.2016 6,12,18,30,34,39
577. 21.05.2016 8,31,38,40,41,42
578. 24.05.2016 1,12,18,19,22,35
579. 26.05.2016 6,14,23,29,43,44
580. 28.05.2016 5,11,23,35,41,46
581. 31.05.2016 7,18,26,29,36,39
582. 02.06.2016 7,17,30,35,36,39
583. 04.06.2016 5,19,24,33,38,46
584. 07.06.2016 7,10,12,22,43,44
585. 09.06.2016 14,17,19,22,31,40
586. 11.06.2016 11,24,27,28,32,40
587. 14.06.2016 6,9,17,28,39,47
588. 16.06.2016 6,11,27,32,43,48
589. 18.06.2016 6,24,29,44,47,48
590. 21.06.2016 8,16,23,28,30,45
591. 23.06.2016 13,17,23,24,31,33
592. 25.06.2016 15,22,24,27,29,34
593. 28.06.2016 3,4,9,13,25,47
594. 30.06.2016 5,12,14,20,27,43
595. 02.07.2016 1,4,6,26,36,44
596. 05.07.2016 1,9,18,23,36,49
597. 07.07.2016 4,13,25,38,45,48
598. 09.07.2016 3,4,16,19,34,39
599. 12.07.2016 2,3,7,17,26,44
600. 14.07.2016 2,6,15,21,29,37
601. 16.07.2016 16,22,41,45,48,49
602. 19.07.2016 2,3,25,30,31,38
603. 21.07.2016 7,8,10,16,22,25
604. 23.07.2016 2,10,26,30,48,49
605. 26.07.2016 2,12,24,28,31,47
606. 28.07.2016 7,16,21,24,29,46
607. 30.07.2016 19,26,33,38,46,47
608. 02.08.2016 4,5,6,18,44,49
609. 04.08.2016 8,12,16,26,35,45
610. 06.08.2016 4,9,15,28,36,39
611. 09.08.2016 8,13,16,19,27,44
612. 11.08.2016 3,18,22,25,30,45
613. 13.08.2016 12,14,19,24,37,47
614. 16.08.2016 14,20,23,32,40,41
615. 18.08.2016 21,24,41,46,47,49
616. 20.08.2016 11,19,21,22,27,42
617. 23.08.2016 9,11,16,28,38,40
618. 25.08.2016 5,15,20,25,40,49
619. 27.08.2016 2,15,16,28,39,41
620. 30.08.2016 7,9,16,23,27,42
621. 01.09.2016 18,21,28,42,47,48
622. 03.09.2016 2,5,10,23,31,32
623. 06.09.2016 17,22,31,44,48,49
624. 08.09.2016 4,16,19,21,28,49
625. 10.09.2016 3,15,17,38,43,47
626. 13.09.2016 15,17,26,33,35,40
627. 15.09.2016 10,11,15,22,26,41
628. 17.09.2016 1,11,12,35,37,47
629. 20.09.2016 8,20,36,40,43,48
630. 22.09.2016 6,10,25,26,27,38
631. 24.09.2016 2,9,15,23,33,46
632. 27.09.2016 6,19,23,33,34,38
633. 29.09.2016 4,7,26,28,36,41
634. 01.10.2016 5,8,9,25,26,43
635. 04.10.2016 1,4,5,8,27,28
636. 06.10.2016 10,24,34,39,41,49
637. 08.10.2016 8,20,25,29,33,48
638. 11.10.2016 7,16,19,30,31,38
639. 13.10.2016 4,12,20,27,36,47
640. 15.10.2016 3,21,24,26,29,46
641. 18.10.2016 11,14,18,27,33,34
642. 20.10.2016 25,31,34,36,39,49
643. 22.10.2016 12,13,23,28,31,34
644. 25.10.2016 6,22,30,33,43,47
645. 27.10.2016 8,12,15,28,35,43
646. 29.10.2016 4,15,21,31,39,42
647. 01.11.2016 8,9,33,37,40,48
648. 03.11.2016 18,22,24,29,34,39
649. 05.11.2016 1,14,15,28,40,45
650. 08.11.2016 13,15,18,35,40,43
651. 10.11.2016 4,10,16,29,30,46
652. 12.11.2016 7,16,20,32,40,45
653. 15.11.2016 4,6,10,20,29,43
654. 17.11.2016 1,7,11,20,43,45
655. 19.11.2016 8,10,16,38,40,41
656. 22.11.2016 10,31,37,42,43,49
657. 24.11.2016 7,20,26,35,36,38
658. 26.11.2016 2,3,10,13,23,44
659. 29.11.2016 20,23,24,26,37,40
660. 01.12.2016 8,12,30,33,36,47
661. 03.12.2016 19,25,41,46,48,49
662. 06.12.2016 6,15,30,42,44,46
663. 08.12.2016 6,31,32,33,34,41
664. 10.12.2016 12,22,26,30,34,37
665. 13.12.2016 2,3,18,33,47,48
666. 15.12.2016 1,11,14,25,27,31
667. 17.12.2016 1,3,13,15,21,25
668. 20.12.2016 8,12,16,17,18,47
669. 22.12.2016 1,7,10,13,40,45
670. 24.12.2016 4,12,16,20,30,34
671. 27.12.2016 2,8,14,16,18,46
672. 29.12.2016 4,7,10,18,39,46
673. 31.12.2016 13,19,23,36,39,45
674. 03.01.2017 2,7,22,32,41,44
675. 05.01.2017 8,30,39,41,44,49
676. 07.01.2017 1,7,23,37,46,48
677. 10.01.2017 5,15,23,25,43,49
678. 12.01.2017 3,5,16,19,25,44
679. 14.01.2017 3,7,21,24,40,47
680. 17.01.2017 7,38,40,44,46,48
681. 19.01.2017 1,27,31,38,41,49
682. 21.01.2017 12,13,17,19,29,31
683. 24.01.2017 5,12,27,33,36,38
684. 26.01.2017 15,17,21,31,34,47
685. 28.01.2017 3,7,8,9,12,13
686. 31.01.2017 15,19,28,37,43,46
687. 02.02.2017 1,12,13,24,32,35
688. 04.02.2017 14,24,25,28,36,41
689. 07.02.2017 4,7,14,28,32,39
690. 09.02.2017 3,8,21,31,35,43
691. 11.02.2017 2,23,25,37,38,46
692. 14.02.2017 1,13,14,20,38,40
693. 16.02.2017 3,9,17,25,34,47
694. 18.02.2017 6,10,11,24,41,42
695. 21.02.2017 5,18,24,35,43,49
696. 23.02.2017 3,7,8,10,31,40
697. 25.02.2017 4,5,19,21,40,41
698. 28.02.2017 3,22,26,35,39,43
699. 02.03.2017 7,25,28,29,39,46
700. 04.03.2017 2,12,13,15,43,49
701. 07.03.2017 1,4,21,24,27,35
702. 09.03.2017 6,15,18,19,29,33
703. 11.03.2017 5,11,27,28,32,40
704. 14.03.2017 6,12,15,23,29,32
705. 16.03.2017 2,18,22,32,35,39
706. 18.03.2017 12,32,34,38,44,47
707. 21.03.2017 7,13,17,29,41,42
708. 23.03.2017 2,9,23,30,32,39
709. 25.03.2017 25,33,35,38,44,48
710. 28.03.2017 4,14,16,30,31,37
711. 30.03.2017 1,17,23,30,36,45
712. 01.04.2017 11,15,18,19,25,49
713. 04.04.2017 2,3,18,23,37,38
714. 06.04.2017 14,17,18,22,29,37
715. 08.04.2017 6,14,21,25,39,43
716. 11.04.2017 5,10,13,21,24,25
717. 13.04.2017 2,11,13,21,24,37
718. 15.04.2017 9,17,22,26,28,48
719. 18.04.2017 2,7,25,28,41,48
720. 20.04.2017 8,21,32,41,43,48
721. 22.04.2017 2,34,36,41,43,46
722. 25.04.2017 2,5,7,36,38,44
723. 27.04.2017 4,10,22,25,26,37
724. 29.04.2017 2,7,21,22,34,37
725. 02.05.2017 1,14,24,30,36,46
726. 04.05.2017 1,19,27,28,48,49
727. 06.05.2017 1,3,5,20,23,40
728. 09.05.2017 5,10,13,16,34,37
729. 11.05.2017 6,10,22,23,36,37
730. 13.05.2017 4,7,8,10,17,30
731. 16.05.2017 3,14,21,29,41,42
732. 18.05.2017 9,24,30,33,37,38
733. 20.05.2017 21,25,35,39,40,49
734. 23.05.2017 14,25,26,30,38,45
735. 25.05.2017 4,9,15,32,42,43
736. 27.05.2017 5,7,8,22,32,33
737. 30.05.2017 6,18,36,40,42,44
738. 01.06.2017 23,27,34,35,41,45
739. 03.06.2017 11,21,23,30,35,38
740. 06.06.2017 5,7,15,17,25,49
741. 08.06.2017 11,12,13,19,22,26
742. 10.06.2017 2,6,15,24,40,43
743. 13.06.2017 1,5,20,30,35,39
744. 15.06.2017 10,14,15,24,25,32
745. 17.06.2017 1,9,24,25,38,43
746. 20.06.2017 32,35,39,40,46,47
747. 22.06.2017 4,5,7,41,44,49
748. 24.06.2017 9,22,29,30,33,46
749. 27.06.2017 12,15,20,34,39,48
750. 29.06.2017 15,25,26,30,33,39
751. 01.07.2017 2,17,20,21,22,23
752. 04.07.2017 3,10,22,25,30,48
753. 06.07.2017 9,24,26,28,29,38
754. 08.07.2017 1,3,14,36,37,43
755. 11.07.2017 6,14,15,32,35,43
756. 13.07.2017 4,8,11,14,23,39
757. 15.07.2017 1,23,28,35,38,39
758. 18.07.2017 18,29,31,41,43,44
759. 20.07.2017 6,18,23,29,31,33
760. 22.07.2017 5,10,21,26,27,28
761. 25.07.2017 10,16,17,18,39,45
762. 27.07.2017 13,21,24,26,27,46
763. 29.07.2017 4,24,29,36,40,48
764. 01.08.2017 16,17,25,27,39,42
765. 03.08.2017 2,6,12,14,29,49
766. 05.08.2017 10,14,24,27,36,38
767. 08.08.2017 7,16,37,39,41,43
768. 10.08.2017 4,5,13,15,19,39
769. 12.08.2017 2,15,21,32,44,48
770. 15.08.2017 7,19,23,38,46,49
771. 17.08.2017 3,10,14,21,24,30
772. 19.08.2017 13,20,23,24,27,45
773. 22.08.2017 2,4,6,12,29,37
774. 24.08.2017 4,8,20,21,28,40
775. 26.08.2017 8,12,17,34,35,47
776. 29.08.2017 5,13,23,32,35,45
777. 31.08.2017 10,11,12,36,38,47
778. 02.09.2017 17,21,31,36,37,46
779. 05.09.2017 6,10,39,40,43,46
780. 07.09.2017 1,2,5,8,29,43
781. 09.09.2017 3,7,10,13,42,45
782. 12.09.2017 4,20,28,29,39,47
783. 14.09.2017 2,12,13,17,28,29
784. 16.09.2017 2,8,29,40,47,49
785. 19.09.2017 13,22,26,31,36,38
786. 21.09.2017 9,10,17,18,32,48
787. 23.09.2017 33,35,37,39,48,49
788. 26.09.2017 7,37,41,46,47,49
789. 28.09.2017 11,12,17,29,32,36
790. 30.09.2017 6,22,26,28,43,44
791. 03.10.2017 2,8,11,21,40,45
792. 05.10.2017 8,14,29,39,45,47
793. 07.10.2017 1,8,15,34,35,36
794. 10.10.2017 7,12,14,17,23,40
795. 12.10.2017 6,7,15,24,28,36
796. 14.10.2017 3,8,18,19,21,30
797. 17.10.2017 5,9,18,38,40,43
798. 19.10.2017 4,15,21,26,30,38
799. 21.10.2017 2,11,13,22,25,37
800. 24.10.2017 7,19,23,38,39,40
801. 26.10.2017 1,18,22,38,41,43
802. 28.10.2017 22,24,25,28,46,47
803. 31.10.2017 6,11,19,25,27,40
804. 02.11.2017 1,2,4,10,36,40
805. 04.11.2017 2,5,11,18,28,46
806. 07.11.2017 10,13,27,35,43,47
807. 09.11.2017 7,12,13,16,31,34
808. 11.11.2017 3,12,18,23,24,38
809. 14.11.2017 3,16,26,28,33,36
810. 16.11.2017 5,13,20,37,43,47
811. 18.11.2017 21,22,28,30,32,49
812. 21.11.2017 1,4,15,45,47,49
813. 23.11.2017 10,32,35,37,40,44
814. 25.11.2017 4,5,19,32,35,49
815. 28.11.2017 6,9,15,17,31,43
816. 30.11.2017 5,14,16,20,29,30
817. 02.12.2017 3,8,13,22,25,35
818. 05.12.2017 2,7,18,30,40,43
819. 07.12.2017 20,23,30,37,39,41
820. 09.12.2017 1,9,13,18,26,38
821. 12.12.2017 23,28,34,36,37,47
822. 14.12.2017 7,8,16,22,41,44
823. 16.12.2017 3,4,14,16,19,32
824. 19.12.2017 2,4,9,12,24,31
825. 21.12.2017 13,21,23,35,38,47
826. 23.12.2017 14,15,17,25,36,39
827. 26.12.2017 13,24,25,30,32,45
828. 28.12.2017 12,34,36,41,43,44
829. 30.12.2017 3,6,8,12,18,46
830. 02.01.2018 5,16,27,42,45,49
831. 04.01.2018 16,21,23,25,38,47
832. 06.01.2018 14,17,20,21,27,31
833. 09.01.2018 1,3,15,39,40,44
834. 11.01.2018 9,11,17,36,38,47
835. 13.01.2018 21,25,26,29,35,49
836. 16.01.2018 2,7,16,27,36,49
837. 18.01.2018 11,13,17,22,27,28
838. 20.01.2018 9,23,30,36,40,45
839. 23.01.2018 5,16,25,37,45,49
840. 25.01.2018 20,30,36,39,43,46
841. 27.01.2018 9,10,20,29,38,40
842. 30.01.2018 8,9,15,26,44,47
843. 01.02.2018 18,29,31,33,44,45
844. 03.02.2018 5,14,17,20,37,40
845. 06.02.2018 5,7,21,27,34,44
846. 08.02.2018 5,9,11,37,39,41
847. 10.02.2018 4,5,15,19,28,36
848. 13.02.2018 8,23,25,29,42,45
849. 15.02.2018 7,8,10,12,20,38
850. 17.02.2018 3,12,34,35,42,49
851. 20.02.2018 7,14,16,18,44,49
852. 22.02.2018 6,27,38,40,42,44
853. 24.02.2018 12,35,39,42,44,45
854. 27.02.2018 6,22,28,38,39,47
855. 01.03.2018 2,17,32,36,39,43
856. 03.03.2018 3,8,18,31,39,45
857. 06.03.2018 5,9,11,17,18,29
858. 08.03.2018 7,8,10,20,21,49
859. 10.03.2018 2,5,26,34,35,36
860. 13.03.2018 9,26,35,39,45,49
861. 15.03.2018 8,9,19,28,36,46
862. 17.03.2018 1,10,27,32,44,47
863. 20.03.2018 14,15,20,28,33,37
864. 22.03.2018 4,5,8,18,34,35
865. 24.03.2018 9,12,15,31,38,41
866. 27.03.2018 9,16,20,21,22,27
867. 29.03.2018 8,12,20,23,26,40
868. 31.03.2018 27,29,37,38,44,49
869. 03.04.2018 1,3,10,16,36,38
870. 05.04.2018 9,13,23,26,41,42
871. 07.04.2018 9,11,16,28,31,48
872. 10.04.2018 12,14,25,33,34,44
873. 12.04.2018 6,8,30,35,40,42
874. 14.04.2018 9,11,12,26,44,45
875. 17.04.2018 8,11,13,31,39,44
876. 19.04.2018 3,6,18,22,25,43
877. 21.04.2018 9,12,16,21,24,30
878. 24.04.2018 19,20,24,36,45,49
879. 26.04.2018 7,12,22,37,41,43
880. 28.04.2018 1,18,20,25,35,46
881. 01.05.2018 1,28,33,34,42,49
882. 03.05.2018 7,17,33,41,45,47
883. 05.05.2018 1,14,16,18,33,44
884. 08.05.2018 4,17,31,33,35,39
885. 10.05.2018 5,20,24,33,38,42
886. 12.05.2018 13,18,27,33,36,43
887. 15.05.2018 5,10,13,38,45,48
888. 17.05.2018 4,7,19,32,43,46
889. 19.05.2018 2,13,30,31,38,49
890. 22.05.2018 2,13,33,35,36,43
891. 24.05.2018 6,9,16,17,40,43
892. 26.05.2018 13,15,16,36,43,47
893. 29.05.2018 7,18,23,25,34,48
894. 31.05.2018 10,19,29,36,37,41
895. 02.06.2018 8,11,21,39,45,46
896. 05.06.2018 17,26,37,39,41,42
897. 07.06.2018 4,10,11,16,40,48
898. 09.06.2018 4,16,24,26,34,45
899. 12.06.2018 1,4,16,21,27,43
900. 14.06.2018 8,15,21,30,35,49
901. 16.06.2018 10,16,22,38,42,47
902. 19.06.2018 4,10,19,20,22,43
903. 21.06.2018 3,12,24,29,34,41
904. 23.06.2018 1,12,20,21,29,32
905. 26.06.2018 20,24,27,28,29,48
906. 28.06.2018 2,14,17,19,46,47
907. 30.06.2018 3,15,17,32,42,49
908. 03.07.2018 2,10,21,44,46,49
909. 05.07.2018 2,13,24,27,32,33
910. 07.07.2018 13,20,22,23,33,42
911. 10.07.2018 4,9,14,15,18,22
912. 12.07.2018 9,10,13,24,42,44
913. 14.07.2018 4,11,20,26,29,42
914. 17.07.2018 20,22,23,29,31,45
915. 19.07.2018 1,9,11,24,42,46
916. 21.07.2018 22,26,27,35,37,41
917. 24.07.2018 4,14,26,28,31,44
918. 26.07.2018 6,8,11,19,24,26
919. 28.07.2018 11,28,42,43,45,49
920. 31.07.2018 1,18,19,22,31,46
921. 02.08.2018 15,24,32,35,42,48
922. 04.08.2018 2,6,15,28,33,49
923. 07.08.2018 10,15,16,23,36,42
924. 09.08.2018 3,23,24,30,39,49
925. 11.08.2018 14,20,21,31,43,46
926. 14.08.2018 6,27,32,34,37,49
927. 16.08.2018 11,19,22,29,41,48
928. 18.08.2018 3,13,19,26,33,40
929. 21.08.2018 1,12,22,26,37,42
930. 23.08.2018 3,11,24,25,28,36
931. 25.08.2018 23,24,27,36,45,48
932. 28.08.2018 1,7,20,22,24,46
933. 30.08.2018 6,14,17,25,42,46
934. 01.09.2018 14,20,26,33,42,44
935. 04.09.2018 3,4,8,22,33,48
936. 06.09.2018 5,10,18,33,36,49
937. 08.09.2018 7,23,27,31,44,45
938. 11.09.2018 5,18,25,34,43,48
939. 13.09.2018 1,10,14,32,41,44
940. 15.09.2018 3,7,8,32,39,47
941. 18.09.2018 9,11,20,24,29,33
942. 20.09.2018 16,26,27,34,38,44
943. 22.09.2018 23,25,27,43,46,48
944. 25.09.2018 3,24,35,36,39,46
945. 27.09.2018 3,8,19,32,34,45
946. 29.09.2018 10,11,13,27,30,46
947. 02.10.2018 7,16,23,33,38,46
948. 04.10.2018 16,20,21,30,43,47
949. 06.10.2018 3,7,9,23,29,45
950. 09.10.2018 2,16,25,34,45,49
951. 11.10.2018 2,15,36,38,42,45
952. 13.10.2018 3,6,13,15,19,20
953. 16.10.2018 4,17,18,23,34,43
954. 18.10.2018 2,10,11,26,33,48
955. 20.10.2018 9,14,21,24,30,44
956. 23.10.2018 23,26,35,41,42,44
957. 25.10.2018 16,20,32,41,46,47
958. 27.10.2018 8,11,14,25,32,44
959. 30.10.2018 25,28,30,33,43,49
960. 01.11.2018 9,10,16,24,25,26
961. 03.11.2018 1,9,23,40,42,47
962. 06.11.2018 21,24,38,39,40,49
963. 08.11.2018 4,8,21,37,38,40
964. 10.11.2018 2,6,8,18,36,49
965. 13.11.2018 9,29,31,38,43,44
966. 15.11.2018 2,16,18,23,32,49
967. 17.11.2018 17,21,24,34,36,40
968. 20.11.2018 3,6,9,12,13,32
969. 22.11.2018 4,19,20,25,38,42
970. 24.11.2018 3,4,9,21,34,48
971. 27.11.2018 5,8,26,33,43,44
972. 29.11.2018 7,12,20,26,38,46
973. 01.12.2018 1,4,6,16,28,41
974. 04.12.2018 2,14,16,32,33,39
975. 06.12.2018 1,30,32,42,43,48
976. 08.12.2018 1,8,28,29,37,39
977. 11.12.2018 13,19,20,28,34,40
978. 13.12.2018 4,7,10,11,15,18
979. 15.12.2018 1,6,22,26,32,35
980. 18.12.2018 5,13,21,38,40,43
981. 20.12.2018 6,8,19,28,33,48
982. 22.12.2018 2,10,23,32,41,43
983. 25.12.2018 3,12,34,40,45,47
984. 27.12.2018 1,12,20,31,34,49
985. 29.12.2018 10,24,35,37,41,48
986. 01.01.2019 7,12,22,25,36,45
987. 03.01.2019 13,17,29,30,37,46
988. 05.01.2019 1,2,11,22,29,41
989. 08.01.2019 9,16,19,22,40,44
990. 10.01.2019 5,12,19,23,28,32
991. 12.01.2019 10,17,20,21,23,43
992. 15.01.2019 8,26,28,31,37,42
993. 17.01.2019 2,11,18,20,28,36
994. 19.01.2019 3,4,7,25,30,37
995. 22.01.2019 13,21,31,33,38,49
996. 24.01.2019 1,12,21,27,30,33
997. 26.01.2019 3,8,18,21,29,47
998. 29.01.2019 17,18,29,31,34,35
999. 31.01.2019 1,9,10,23,31,43
1000. 02.02.2019 7,10,26,30,37,40
1001. 05.02.2019 4,18,24,25,26,42
1002. 07.02.2019 3,10,38,42,44,45
1003. 09.02.2019 6,15,16,30,40,46
1004. 12.02.2019 4,5,16,41,47,48
1005. 14.02.2019 20,23,30,35,38,39
1006. 16.02.2019 11,21,33,34,40,49
1007. 19.02.2019 3,16,19,30,39,40
1008. 21.02.2019 6,23,30,40,42,44
1009. 23.02.2019 1,4,6,18,44,46
1010. 26.02.2019 13,14,27,28,33,44
1011. 28.02.2019 2,4,8,27,42,45
1012. 02.03.2019 3,6,43,45,47,49
1013. 05.03.2019 4,6,18,25,43,49
1014. 07.03.2019 11,14,18,22,24,35
1015. 09.03.2019 3,7,10,23,24,37
1016. 12.03.2019 1,12,15,25,36,44
1017. 14.03.2019 2,6,14,18,25,43
1018. 16.03.2019 14,16,33,39,42,45
1019. 19.03.2019 8,18,22,25,28,29
1020. 21.03.2019 1,4,5,9,48,49
1021. 23.03.2019 9,14,25,36,40,47
1022. 26.03.2019 5,6,13,24,26,40
1023. 28.03.2019 12,16,20,21,31,39
1024. 30.03.2019 6,8,17,31,34,46
1025. 02.04.2019 1,19,27,34,44,46
1026. 04.04.2019 2,3,15,28,29,38
1027. 06.04.2019 2,3,7,25,32,35
1028. 09.04.2019 16,20,22,27,43,47
1029. 11.04.2019 2,16,24,40,44,45
1030. 13.04.2019 24,25,26,29,36,40
1031. 16.04.2019 14,22,26,31,37,42
1032. 18.04.2019 8,13,19,37,40,45
1033. 20.04.2019 1,18,19,22,39,40
1034. 23.04.2019 9,11,30,32,33,36
1035. 25.04.2019 8,10,32,34,35,49
1036. 27.04.2019 1,2,19,26,29,31
1037. 30.04.2019 25,28,33,34,45,46
1038. 02.05.2019 3,21,22,23,31,32
1039. 04.05.2019 8,25,27,40,41,46
1040. 07.05.2019 7,16,19,21,36,44
1041. 09.05.2019 1,10,20,21,24,42
1042. 11.05.2019 2,16,17,29,31,47
1043. 14.05.2019 2,8,18,20,25,37
1044. 16.05.2019 3,10,11,22,30,39
1045. 18.05.2019 13,19,24,31,37,46
1046. 21.05.2019 3,9,10,25,26,40
1047. 23.05.2019 17,18,25,29,32,41
1048. 25.05.2019 5,20,26,37,39,49
1049. 28.05.2019 10,12,18,28,40,45
1050. 30.05.2019 9,17,18,33,36,46
1051. 01.06.2019 3,5,9,30,36,39
1052. 04.06.2019 4,5,6,34,44,49
1053. 06.06.2019 2,25,31,34,43,44
1054. 08.06.2019 1,3,17,26,35,48
1055. 11.06.2019 3,13,17,28,42,49
1056. 13.06.2019 3,12,23,43,45,47
1057. 15.06.2019 3,12,19,22,28,33
1058. 18.06.2019 1,3,21,36,42,49
1059. 20.06.2019 4,14,15,18,39,45
1060. 22.06.2019 1,4,6,10,24,30
1061. 25.06.2019 18,26,28,32,45,47
1062. 27.06.2019 13,17,22,23,24,29
1063. 29.06.2019 17,21,37,38,42,49
1064. 02.07.2019 6,8,29,30,33,47
1065. 04.07.2019 7,20,26,33,37,48
1066. 06.07.2019 3,13,20,32,39,42
1067. 09.07.2019 10,27,32,34,41,48
1068. 11.07.2019 2,11,19,25,31,44
1069. 13.07.2019 3,16,18,25,27,49
1070. 16.07.2019 4,8,28,39,41,46
1071. 18.07.2019 15,25,37,43,44,48
1072. 20.07.2019 6,20,22,23,42,49
1073. 23.07.2019 1,7,8,11,38,49
1074. 25.07.2019 1,5,17,19,40,48
1075. 27.07.2019 5,16,29,33,37,43
1076. 30.07.2019 3,5,7,13,17,21
1077. 01.08.2019 7,11,12,15,25,37
1078. 03.08.2019 17,19,20,32,37,45
1079. 06.08.2019 3,4,24,39,40,43
1080. 08.08.2019 7,18,30,39,45,48
1081. 10.08.2019 8,14,19,36,44,47
1082. 13.08.2019 3,5,8,32,37,49
1083. 15.08.2019 9,14,21,24,40,48
1084. 17.08.2019 6,19,25,27,34,40
1085. 20.08.2019 14,24,27,28,32,45
1086. 22.08.2019 3,10,16,19,34,42
1087. 24.08.2019 4,9,19,20,22,25
1088. 27.08.2019 17,27,28,31,35,47
1089. 29.08.2019 19,30,40,41,44,45
1090. 31.08.2019 1,18,29,42,45,47
1091. 03.09.2019 4,5,6,7,21,45
1092. 05.09.2019 2,9,36,43,44,47
1093. 07.09.2019 9,18,22,28,30,39
1094. 10.09.2019 15,19,24,26,41,47
1095. 12.09.2019 8,10,14,22,31,38
1096. 14.09.2019 4,7,24,42,43,47
1097. 17.09.2019 8,27,37,39,44,49
1098. 19.09.2019 9,27,31,34,45,46
1099. 21.09.2019 2,19,24,35,43,47
1100. 24.09.2019 16,18,26,29,34,45
1101. 26.09.2019 6,7,14,19,37,44
1102. 28.09.2019 3,13,33,36,38,41
1103. 01.10.2019 2,3,33,38,40,44
1104. 03.10.2019 3,5,7,17,21,41
1105. 05.10.2019 10,15,16,30,39,48
1106. 08.10.2019 2,13,15,44,45,48
1107. 10.10.2019 24,27,30,32,34,37
1108. 12.10.2019 7,17,18,20,21,42
1109. 15.10.2019 5,16,21,27,31,38
1110. 17.10.2019 22,25,28,32,38,47
1111. 19.10.2019 19,20,36,37,40,46
1112. 22.10.2019 1,16,19,22,40,48
1113. 24.10.2019 6,10,12,26,43,44
1114. 26.10.2019 8,20,24,34,35,48
1115. 29.10.2019 2,12,14,17,40,47
1116. 31.10.2019 4,17,35,42,47,48
1117. 02.11.2019 7,23,26,41,45,46
1118. 05.11.2019 11,19,35,38,40,45
1119. 07.11.2019 10,25,26,29,32,48
1120. 09.11.2019 5,18,23,26,42,44
1121. 12.11.2019 2,36,39,42,43,49
1122. 14.11.2019 5,11,15,17,27,44
1123. 16.11.2019 1,5,7,8,12,42
1124. 19.11.2019 11,13,22,26,28,30
1125. 21.11.2019 23,26,29,38,39,42
1126. 23.11.2019 11,19,28,33,37,42
1127. 26.11.2019 16,18,19,26,34,49
1128. 28.11.2019 14,19,20,22,25,38
1129. 30.11.2019 1,8,12,17,42,43
1130. 03.12.2019 1,11,30,34,39,49
1131. 05.12.2019 2,3,18,29,37,43
1132. 07.12.2019 3,15,20,26,34,43
1133. 10.12.2019 19,24,29,31,35,37
1134. 12.12.2019 13,22,26,42,46,49
1135. 14.12.2019 1,27,34,36,38,44
1136. 17.12.2019 9,19,34,36,45,49
1137. 19.12.2019 5,13,16,17,34,46
1138. 21.12.2019 6,18,19,24,46,48
1139. 24.12.2019 1,4,6,26,33,47
1140. 26.12.2019 5,6,11,19,34,44
1141. 28.12.2019 11,14,17,20,21,26
1142. 31.12.2019 12,13,19,20,36,45
1143. 02.01.2020 10,11,23,34,35,36
1144. 04.01.2020 3,4,8,11,14,36
1145. 07.01.2020 7,11,12,23,37,44
1146. 09.01.2020 7,8,17,26,29,43
1147. 11.01.2020 33,34,35,43,44,45
1148. 14.01.2020 9,14,29,37,44,46
1149. 16.01.2020 2,12,13,23,44,47
1150. 18.01.2020 6,10,24,28,31,37
1151. 21.01.2020 8,10,17,22,29,49
1152. 23.01.2020 24,28,34,36,45,48
1153. 25.01.2020 3,5,24,44,45,49
1154. 28.01.2020 1,11,16,18,20,40
1155. 30.01.2020 5,6,17,20,25,49
1156. 01.02.2020 2,12,16,30,48,49
1157. 04.02.2020 3,6,16,25,32,38
1158. 06.02.2020 2,8,13,17,20,40
1159. 08.02.2020 6,9,27,29,41,46
1160. 11.02.2020 16,21,30,31,39,42
1161. 13.02.2020 8,20,33,35,42,48
1162. 15.02.2020 10,21,24,26,34,42
1163. 18.02.2020 4,9,14,28,45,49
1164. 20.02.2020 17,22,24,31,39,48
1165. 22.02.2020 8,29,30,35,38,40
1166. 25.02.2020 2,21,32,34,38,45
1167. 27.02.2020 1,3,8,20,34,45
1168. 29.02.2020 11,13,15,27,38,45
1169. 03.03.2020 19,20,23,33,37,45
1170. 05.03.2020 15,25,28,37,41,46
1171. 07.03.2020 4,22,25,29,32,45
1172. 10.03.2020 1,6,11,17,30,46
1173. 12.03.2020 3,27,42,43,44,47
1174. 14.03.2020 3,17,27,31,38,40
1175. 17.03.2020 9,20,35,41,42,46
1176. 19.03.2020 4,7,16,21,30,45
1177. 21.03.2020 3,16,17,34,35,48
1178. 24.03.2020 14,17,28,34,36,48
1179. 26.03.2020 6,12,24,43,45,47
1180. 28.03.2020 6,16,33,35,38,49
1181. 31.03.2020 4,11,18,32,42,43
1182. 02.04.2020 4,9,23,35,42,46
1183. 04.04.2020 22,25,35,38,39,48
1184. 07.04.2020 4,10,15,19,29,35
1185. 09.04.2020 24,26,27,39,43,48
1186. 11.04.2020 11,18,20,28,39,46
1187. 14.04.2020 8,22,23,35,42,49
1188. 16.04.2020 19,35,36,43,44,45
1189. 18.04.2020 1,2,3,28,36,46
1190. 21.04.2020 7,29,42,44,45,49
1191. 23.04.2020 3,24,27,42,46,48
1192. 25.04.2020 11,20,28,32,33,46
1193. 28.04.2020 14,21,25,30,40,48
1194. 30.04.2020 15,29,32,43,44,48
1195. 02.05.2020 8,18,25,31,32,43
1196. 05.05.2020 17,26,30,42,48,49
1197. 07.05.2020 16,31,34,36,43,44
1198. 09.05.2020 2,6,15,18,28,36
1199. 12.05.2020 4,18,27,35,46,49
1200. 14.05.2020 3,8,11,12,21,33
1201. 16.05.2020 10,15,26,28,37,40
1202. 19.05.2020 2,5,22,33,38,44
1203. 21.05.2020 2,4,12,30,36,47
1204. 23.05.2020 2,5,19,29,31,47
1205. 26.05.2020 14,18,20,37,42,46
1206. 28.05.2020 22,23,37,38,42,44
1207. 30.05.2020 2,7,26,33,39,40
1208. 02.06.2020 9,17,20,25,42,44
1209. 04.06.2020 2,4,17,19,31,37
1210. 06.06.2020 1,6,23,42,44,46
1211. 09.06.2020 9,11,36,39,40,44
1212. 11.06.2020 16,30,31,32,33,47
1213. 13.06.2020 16,18,25,31,35,42
1214. 16.06.2020 3,27,28,40,45,49
1215. 18.06.2020 5,18,27,40,45,48
1216. 20.06.2020 13,14,16,23,25,44
1217. 23.06.2020 13,20,22,31,38,49
1218. 25.06.2020 14,18,20,26,29,42
1219. 27.06.2020 14,19,27,31,35,38
1220. 30.06.2020 5,8,10,15,30,37
1221. 02.07.2020 1,27,28,30,35,38
1222. 04.07.2020 14,21,27,30,41,45
1223. 07.07.2020 15,16,30,38,45,49
1224. 09.07.2020 18,21,24,27,29,35
1225. 11.07.2020 1,3,13,15,21,45
1226. 14.07.2020 30,33,34,35,36,47
1227. 16.07.2020 2,10,13,33,39,42
1228. 18.07.2020 7,19,24,35,37,41
1229. 21.07.2020 2,8,12,24,28,35
1230. 23.07.2020 10,18,29,39,40,41
1231. 25.07.2020 7,10,13,38,41,42
1232. 28.07.2020 11,14,23,25,34,43
1233. 30.07.2020 10,16,19,26,36,49
1234. 01.08.2020 10,34,39,40,46,49
1235. 04.08.2020 3,10,17,20,35,37
1236. 06.08.2020 11,16,17,20,31,39
1237. 08.08.2020 4,6,7,14,28,29
1238. 11.08.2020 4,13,21,23,31,44
1239. 13.08.2020 9,14,28,31,34,41
1240. 15.08.2020 4,6,26,27,30,39
1241. 18.08.2020 15,19,28,31,46,48
1242. 20.08.2020 6,12,13,20,27,31
1243. 22.08.2020 8,23,32,34,47,49
1244. 25.08.2020 20,23,36,39,47,48
1245. 27.08.2020 17,18,25,27,29,46
1246. 29.08.2020 2,3,18,24,32,33
1247. 01.09.2020 21,22,25,30,43,47
1248. 03.09.2020 4,6,14,16,25,27
1249. 05.09.2020 9,32,37,39,46,49
1250. 08.09.2020 3,7,15,29,30,49
1251. 10.09.2020 7,8,13,20,28,33
1252. 12.09.2020 2,20,27,29,33,45
1253. 15.09.2020 3,13,14,16,30,44
1254. 17.09.2020 1,6,7,10,33,44
1255. 19.09.2020 4,23,24,30,31,39
1256. 22.09.2020 10,22,30,36,40,46
1257. 24.09.2020 16,18,19,23,25,27
1258. 26.09.2020 12,27,31,38,39,46
1259. 29.09.2020 12,20,24,31,33,45
1260. 01.10.2020 2,13,22,24,25,36
1261. 03.10.2020 4,14,27,31,45,46
1262. 06.10.2020 2,14,17,18,20,30
1263. 08.10.2020 1,15,21,38,46,48
1264. 10.10.2020 2,10,14,16,22,31
1265. 13.10.2020 4,7,10,17,32,38
1266. 15.10.2020 25,31,39,46,48,49
1267. 17.10.2020 8,12,28,29,34,36
1268. 20.10.2020 15,17,19,21,22,44
1269. 22.10.2020 2,24,33,47,48,49
1270. 24.10.2020 7,12,32,46,47,48
1271. 27.10.2020 2,10,30,32,40,43
1272. 29.10.2020 21,25,34,43,44,47
1273. 31.10.2020 10,15,25,32,39,43
1274. 03.11.2020 5,17,25,26,31,36
1275. 05.11.2020 3,17,36,41,43,47
1276. 07.11.2020 4,10,13,30,43,49
1277. 10.11.2020 3,5,16,25,31,39
1278. 12.11.2020 8,24,35,38,44,46
1279. 14.11.2020 7,8,11,25,40,49
1280. 17.11.2020 4,5,13,17,26,30
1281. 19.11.2020 16,38,39,40,45,47
1282. 21.11.2020 27,28,32,35,40,49
1283. 24.11.2020 5,6,9,27,34,37
1284. 26.11.2020 7,12,23,27,35,40
1285. 28.11.2020 3,9,12,23,33,39
1286. 01.12.2020 9,22,24,27,29,37
1287. 03.12.2020 1,20,27,44,45,46
1288. 05.12.2020 3,12,17,23,25,30
1289. 08.12.2020 1,3,18,29,34,40
1290. 10.12.2020 6,9,23,24,28,29
1291. 12.12.2020 5,12,13,37,40,41
1292. 15.12.2020 1,3,11,12,35,45
1293. 17.12.2020 2,3,5,12,40,47
1294. 19.12.2020 3,16,32,35,36,38
1295. 22.12.2020 8,13,17,31,33,46
1296. 24.12.2020 8,16,28,30,32,48
1297. 26.12.2020 5,9,11,27,33,41
1298. 29.12.2020 4,27,29,31,39,49
1299. 31.12.2020 3,29,31,36,37,39
1300. 02.01.2021 8,13,17,27,35,44
1301. 05.01.2021 4,19,20,21,38,40
1302. 07.01.2021 4,6,23,34,40,49
1303. 09.01.2021 7,15,20,35,36,46
1304. 12.01.2021 5,7,9,25,34,45
1305. 14.01.2021 3,13,14,24,32,45
1306. 16.01.2021 4,12,19,26,43,49
1307. 19.01.2021 7,11,16,18,21,23
1308. 21.01.2021 8,18,23,27,30,31
1309. 23.01.2021 9,10,15,25,29,46
1310. 26.01.2021 10,13,19,20,30,31
1311. 28.01.2021 3,15,32,41,44,48
1312. 30.01.2021 2,12,14,18,35,46
1313. 02.02.2021 7,15,24,29,32,40
1314. 04.02.2021 2,7,15,28,34,49
1315. 06.02.2021 15,34,39,41,47,49
1316. 09.02.2021 2,8,11,16,20,34
1317. 11.02.2021 10,18,31,35,44,45
1318. 13.02.2021 10,13,20,21,22,32
1319. 16.02.2021 27,29,37,42,45,46
1320. 18.02.2021 10,18,20,22,37,48
1321. 20.02.2021 32,35,38,41,45,46
1322. 23.02.2021 3,4,16,35,38,42
1323. 25.02.2021 2,11,16,22,25,49
1324. 27.02.2021 16,17,20,44,48,49
1325. 02.03.2021 13,15,30,38,40,49
1326. 04.03.2021 2,6,14,21,22,44
1327. 06.03.2021 6,20,30,32,36,43
1328. 09.03.2021 3,12,17,39,41,44
1329. 11.03.2021 17,23,28,30,31,34
1330. 13.03.2021 6,9,15,18,21,27
1331. 16.03.2021 9,14,18,31,35,49
1332. 18.03.2021 10,20,22,25,40,45
1333. 20.03.2021 7,13,26,33,36,43
1334. 23.03.2021 8,16,23,25,36,39
1335. 25.03.2021 5,20,22,27,33,48
1336. 27.03.2021 5,6,19,25,41,47
1337. 30.03.2021 8,14,22,24,31,44
1338. 01.04.2021 5,7,11,22,33,44
1339. 03.04.2021 1,10,28,29,30,46
1340. 06.04.2021 10,16,24,28,38,43
1341. 08.04.2021 3,13,15,16,17,44
1342. 10.04.2021 8,13,15,16,22,25
1343. 13.04.2021 6,9,10,14,26,37
1344. 15.04.2021 11,16,26,29,30,35
1345. 17.04.2021 4,6,11,39,42,46
1346. 20.04.2021 10,25,28,35,39,44
1347. 22.04.2021 5,23,25,27,35,45
1348. 24.04.2021 21,22,28,39,42,44
1349. 27.04.2021 7,20,24,30,32,41
1350. 29.04.2021 4,9,19,21,23,46
1351. 01.05.2021 12,13,14,22,32,46
1352. 04.05.2021 10,14,17,34,44,49
1353. 06.05.2021 15,40,43,44,45,48
1354. 08.05.2021 6,14,17,31,41,43
1355. 11.05.2021 3,13,22,28,30,43
1356. 13.05.2021 7,11,13,21,33,36
1357. 15.05.2021 11,19,23,25,39,48
1358. 18.05.2021 6,12,15,24,42,45
1359. 20.05.2021 16,21,25,28,31,36
1360. 22.05.2021 5,26,29,41,48,49
1361. 25.05.2021 32,35,38,45,48,49
1362. 27.05.2021 14,16,27,28,34,49
1363. 29.05.2021 17,23,29,36,37,40
1364. 01.06.2021 9,10,17,41,43,46
1365. 03.06.2021 8,24,30,32,37,49
1366. 05.06.2021 1,8,10,39,43,47
1367. 08.06.2021 1,12,18,27,36,44
1368. 10.06.2021 10,16,21,24,30,47
1369. 12.06.2021 10,23,25,39,46,48
1370. 15.06.2021 12,14,17,27,29,49
1371. 17.06.2021 6,15,18,23,35,49
1372. 19.06.2021 2,7,36,40,43,49
1373. 22.06.2021 4,13,17,21,22,28
1374. 24.06.2021 18,23,25,36,37,45
1375. 26.06.2021 2,13,22,31,45,47
1376. 29.06.2021 2,4,21,29,33,45
1377. 01.07.2021 17,41,42,46,47,48
1378. 03.07.2021 1,8,9,16,17,38
1379. 06.07.2021 4,15,26,38,39,43
1380. 08.07.2021 4,5,37,38,44,48
1381. 10.07.2021 10,13,23,28,35,44
1382. 13.07.2021 2,18,20,21,22,37
1383. 15.07.2021 3,26,34,40,44,45
1384. 17.07.2021 4,14,36,37,43,44
1385. 20.07.2021 2,8,18,22,39,40
1386. 22.07.2021 1,4,9,19,23,32
1387. 24.07.2021 3,9,28,36,38,49
1388. 27.07.2021 3,5,14,39,46,49
1389. 29.07.2021 14,19,30,34,35,46
1390. 31.07.2021 18,26,28,42,44,48
1391. 03.08.2021 6,25,27,31,45,47
1392. 05.08.2021 5,9,14,15,27,35
1393. 07.08.2021 3,18,23,36,42,47
1394. 10.08.2021 7,11,16,28,39,45
1395. 12.08.2021 5,27,30,37,41,42
1396. 14.08.2021 1,3,21,28,31,39
1397. 17.08.2021 4,6,9,25,29,36
1398. 19.08.2021 12,13,17,23,46,48
1399. 21.08.2021 13,17,27,33,41,46
1400. 24.08.2021 3,6,20,31,45,46
1401. 26.08.2021 10,23,27,30,42,44
1402. 28.08.2021 1,9,28,38,39,49
1403. 31.08.2021 3,11,20,22,26,47
1404. 02.09.2021 1,5,11,29,31,36
1405. 04.09.2021 12,21,32,44,47,49
1406. 07.09.2021 14,15,23,38,42,43
1407. 09.09.2021 2,3,10,13,16,23
1408. 11.09.2021 9,18,32,34,35,39
1409. 14.09.2021 10,18,29,34,41,45
1410. 16.09.2021 2,27,32,34,39,49
1411. 18.09.2021 11,15,18,20,22,39
1412. 21.09.2021 1,2,9,15,40,44
1413. 23.09.2021 6,8,12,13,17,44
1414. 25.09.2021 3,8,15,18,31,41
1415. 28.09.2021 2,3,8,39,40,46
1416. 30.09.2021 3,4,15,22,37,46
1417. 02.10.2021 6,8,12,26,30,34
1418. 05.10.2021 1,3,22,40,43,47
1419. 07.10.2021 11,26,35,37,41,49
1420. 09.10.2021 6,10,18,24,29,42
1421. 12.10.2021 4,5,21,30,31,48
1422. 14.10.2021 10,11,24,27,34,35
1423. 16.10.2021 4,7,15,24,31,34
1424. 19.10.2021 17,23,32,33,36,38
1425. 21.10.2021 17,19,23,25,27,33
1426. 23.10.2021 1,21,24,32,33,35
1427. 26.10.2021 18,19,25,27,29,39
1428. 28.10.2021 13,28,33,39,43,47
1429. 30.10.2021 12,24,30,34,39,43
1430. 02.11.2021 3,18,25,30,36,40
1431. 04.11.2021 1,9,10,31,39,41
1432. 06.11.2021 15,23,24,35,42,48
1433. 09.11.2021 6,7,9,19,30,37
1434. 11.11.2021 4,16,17,30,35,41
1435. 13.11.2021 3,17,21,34,35,47
1436. 16.11.2021 1,6,9,25,34,47
1437. 18.11.2021 6,17,18,25,29,35
1438. 20.11.2021 3,21,27,38,39,48
1439. 23.11.2021 2,11,17,18,19,49
1440. 25.11.2021 8,13,15,23,45,47
1441. 27.11.2021 6,13,20,22,28,39
1442. 30.11.2021 26,27,31,34,36,39
1443. 02.12.2021 4,6,11,16,19,23
1444. 04.12.2021 5,11,13,17,39,43
1445. 07.12.2021 9,20,29,33,45,48
1446. 09.12.2021 3,13,18,24,38,40
1447. 11.12.2021 2,4,9,13,18,23
1448. 14.12.2021 3,6,15,37,44,47
1449. 16.12.2021 16,25,26,29,38,47
1450. 18.12.2021 4,11,13,15,33,44
1451. 21.12.2021 5,11,12,37,42,46
1452. 23.12.2021 3,13,19,23,48,49
1453. 25.12.2021 1,7,10,12,14,46
1454. 28.12.2021 4,5,11,29,36,39
1455. 30.12.2021 3,5,26,31,41,44
1456. 01.01.2022 4,6,11,29,32,48
1457. 04.01.2022 1,16,25,32,37,45
1458. 06.01.2022 2,4,6,18,38,42
1459. 08.01.2022 12,19,26,38,40,47
1460. 11.01.2022 9,12,25,27,37,38
1461. 13.01.2022 21,27,29,32,40,41
1462. 15.01.2022 13,19,23,26,41,42
1463. 18.01.2022 2,10,24,29,44,46
1464. 20.01.2022 6,12,23,28,31,40
1465. 22.01.2022 3,10,19,20,21,44
1466. 25.01.2022 9,10,19,22,36,38
1467. 27.01.2022 3,7,9,35,45,49
1468. 29.01.2022 8,20,31,33,36,44
1469. 01.02.2022 5,12,17,19,32,35
1470. 03.02.2022 5,14,19,20,23,46
1471. 05.02.2022 19,22,30,40,44,47
1472. 08.02.2022 3,12,15,17,28,49
1473. 10.02.2022 7,14,36,44,45,47
1474. 12.02.2022 10,24,33,40,47,49
1475. 15.02.2022 2,8,9,17,26,27
1476. 17.02.2022 2,3,9,23,28,36
1477. 19.02.2022 11,17,30,33,35,43
1478. 22.02.2022 3,7,21,25,41,47
1479. 24.02.2022 9,31,33,37,40,43
1480. 26.02.2022 11,23,27,40,43,44
1481. 01.03.2022 2,9,10,13,28,35
1482. 03.03.2022 7,14,15,34,35,37
1483. 05.03.2022 5,9,26,33,42,45
1484. 08.03.2022 8,11,14,26,39,49
1485. 10.03.2022 3,5,14,19,26,28
1486. 12.03.2022 8,11,20,38,39,49
1487. 15.03.2022 6,9,16,17,40,47
1488. 17.03.2022 6,7,22,28,34,35
1489. 19.03.2022 6,7,8,28,29,44
1490. 22.03.2022 7,11,17,27,32,34
1491. 24.03.2022 13,15,23,25,39,49
1492. 26.03.2022 24,26,32,34,43,45
1493. 29.03.2022 7,19,24,28,40,44
1494. 31.03.2022 6,7,9,12,17,40
1495. 02.04.2022 15,17,27,30,42,46
1496. 05.04.2022 1,7,11,15,20,42
1497. 07.04.2022 1,5,14,27,42,47
1498. 09.04.2022 16,21,24,38,40,46
1499. 12.04.2022 12,19,26,27,44,46
1500. 14.04.2022 5,8,26,39,41,43
1501. 16.04.2022 5,12,20,21,37,45
1502. 19.04.2022 4,30,35,37,48,49
1503. 21.04.2022 2,14,15,17,36,42
1504. 23.04.2022 3,5,15,23,29,35
1505. 26.04.2022 3,15,29,45,46,48
1506. 28.04.2022 1,2,7,17,44,48
1507. 30.04.2022 12,14,16,32,42,49
1508. 03.05.2022 3,11,12,20,23,32
1509. 05.05.2022 14,23,28,39,42,47
1510. 07.05.2022 4,5,10,37,38,45
1511. 10.05.2022 1,6,8,20,29,47
1512. 12.05.2022 1,13,26,34,36,42
1513. 14.05.2022 12,16,23,24,26,44
1514. 17.05.2022 1,16,19,30,35,41
1515. 19.05.2022 11,16,19,21,29,34
1516. 21.05.2022 20,21,23,26,37,39
1517. 24.05.2022 13,19,23,24,39,46
1518. 26.05.2022 7,8,11,19,31,38
1519. 28.05.2022 7,8,14,16,38,40
1520. 31.05.2022 9,22,23,30,44,46
1521. 02.06.2022 2,17,34,44,47,49
1522. 04.06.2022 6,12,17,19,42,48
1523. 07.06.2022 2,4,5,10,12,16
1524. 09.06.2022 8,9,21,34,39,41
1525. 11.06.2022 10,12,17,18,20,24
1526. 14.06.2022 4,16,18,28,29,42
1527. 16.06.2022 4,6,13,14,21,42
1528. 18.06.2022 11,13,20,32,33,47
1529. 21.06.2022 6,9,13,38,40,46
1530. 23.06.2022 10,13,22,42,44,48
1531. 25.06.2022 3,13,15,19,31,40
1532. 28.06.2022 1,3,14,20,22,37
1533. 30.06.2022 2,16,20,39,42,48
1534. 02.07.2022 1,9,19,27,30,31
1535. 05.07.2022 8,9,10,39,46,49
1536. 07.07.2022 2,28,38,39,42,49
1537. 09.07.2022 7,17,21,26,38,48
1538. 12.07.2022 2,8,13,21,22,48
1539. 14.07.2022 13,17,19,38,42,45
1540. 16.07.2022 6,13,15,36,44,47
1541. 19.07.2022 7,11,15,21,24,47
1542. 21.07.2022 3,8,17,39,45,48
1543. 23.07.2022 1,3,13,20,36,39
1544. 26.07.2022 6,8,19,23,29,45
1545. 28.07.2022 8,18,22,25,27,47
